image: map1.pgm
resolution: 0.05
origin: [-40.950001, -44.550001, 0.000000]
negate: 0
occupied_thresh: 0.65
free_thresh: 0.196

